lux_model:
  m: -1.450249716657489252e+00
  b: 6.476968488065346641e+00
  R: 5.15e+03
  Vin: 5.0