lux_model:
  m: -1.450249716657489252e+00
  b: 6.476968488065346641e+00
  R: 4.75e+03
  Vin: 4.955